37 23 5 19 1 11   37 12 1 14 20 5 18 14

37 15 14 3 5   21 16 15 14   1   20 9 13 5
20 8 5 18 5   23 1 19   1   2 9 7   10 21 14 7 12 5 36
37 20 8 5   20 18 5 5 19   23 5 18 5   6 21 12 12   15 6   6 18 21 9 20 19   
1 14 4   2 5 1 21 20 9 6 21 12   6 12 15 23 5 18 19 36
37 1 12 12   20 8 5   1 14 9 13 1 12 19   1 14 4   2 9 18 4 19   12 9 22 5 4   
20 8 5 18 5   8 1 16 16 9 12 25 36
37 1 14 4   20 8 5   11 9 14 7   23 1 19   1   12 9 15 14 36

.....................................................

37 23 5 19 1 11   19 5 1 19 15 14   3 1 13 5   20 15   20 8 5   
10 21 14 7 12 5 36
41 37 23 8 1 20   1 18 5   23 5   7 15 9 14 7   20 15   4 15   20 8 9 19  
20 9 13 5 31 42
1 19 11 5 4   12 9 15 14   20 8 5   11 9 14 7 36
42 37 23 5   23 9 12 12   8 1 22 5   1   37 23 5 19 1 11   12 1 14 20 5 18 14   

50 52