3 15 13 16 5 20 9 20 9 15 14 41
5 22 5 18 25 2 15 4 25   19 8 15 21 20 5 4 36

.....................................................


42 37 1 12 12   18 9 7 8 20 36   37 20 8 5   15 14 5   23 8 15   13 1 11 5 19   
20 8 5   2 9 7 7 5 19 20
1 14 4   20 8 5   13 15 19 20   4 21 18 1 2 12 5   
12 1 14 20 5 18 14
20 8 1 20   4 15 5 19 14 28 20   2 18 5 1 11   5 22 5 14 
 9 14   20 8 5   18 1 9 14
23 9 12 12   2 5   20 8 5   23 9 14 14 5 18 41 
19 1 9 4   20 8 5   12 9 15 14 36

.....................................................


37 5 22 5 18 25 2 15 4 25   18 21 19 8 5 4   20 15   13 1 11 5
20 8 5   23 9 14 14 9 14 7   12 1 14 20 5 18 14 36
37 20 8 5   2 1 2 25   18 1 2 2 9 20   20 15 15 34   20 8 15 21 7 8   

50 52

