42 37 3 15 21 12 4   25 15 21   16 12 5 1 19 5   7 9 22 5   13 5   19 15 13 5   
19 20 18 9 14 7 41
37 19 14 1 11 5   12 15 15 11 5 4   1 20   20 8 5   2 1 2 25   18 1 2 2 9 20   
1 14 4   19 1 9 4 34
42 37 14 15 34   14 15 36   37 9   1 13   7 15 9 14 7   20 15   13 1 11 5   13 25   
12 1 14 20 5 18 14
1 19   12 15 14 7   1 19   13 25 19 5 12 6 36
37 19    37 9   14 5 5 4   1 12 12   20 8 5   19 20 18 9 14 7   37 9   
8 1 22 5 41
37 19 1 4 12 25   12 5 6 20   20 8 5   2 1 2 25   18 1 2 2 9 20 36



37 14 5 24 20   2 1 2 25   18 1 2 2 9 20   23 5 14 20   20 15   4 5 5 18   
1 14 4   1 19 11 5 4 34
42 37 3 15 21 12 4   25 15 21   16 12 5 1 19 5   7 9 22 5   13 5   19 15 13 5   
7 12 21 5 31 41

50  56
