37 4 5 5 18   12 15 15 11 5 4   1 20   20 8 5   2 1 2 25   18 1 2 2 9 20   
1 14 4   19 1 9 4 34
42 37 14 15 34   14 15 36   37 9   1 13   7 15 9 14 7   20 15   13 1 11 5   13 25   
12 1 14 20 5 18 14
1 19   4 15 20 20 5 4   1 19   13 25 19 5 12 6 36
37 19 15   37 9   14 5 5 4   1 12 12   20 8 5   7 12 21 5   37 9   8 1 22 5 41 
37 19 1 4 12 25   12 5 6 20   20 8 5   2 1 2 25   18 1 2 2 9 20 36


.....................................................


37 2 1 2 25   18 1 2 2 9 20   6 5 12 20   19 15   12 15 14 5 12 25   1 14 4   
8 5 12 16 12 5 19 19 36
37 8 5   19 1 20   21 14 4 5 18   1   2 21 19 8   1 14 4   
19 20 1 18 20 5 4   20 15   3 18 25 36
37 12 9 7 8 20 2 21 7    23 8 15   23 1 19   19 12 5 5 16 9 14 7   
21 14 4 5 18   1   12 5 1 6
8 5 1 18 4   20 8 5   3 18 25 9 14 7 36

50 57
