
37 15 14 3 5   21 16 15 14   1   20 9 13 5
20 8 5 18 5   23 1 19   1   2 9 7   10 21 14 7 12 5 36
37 20 8 5   20 18 5 5 19   23 5 18 5   6 21 12 12   15 6   6 18 21 9 20 19   1 14 4   2 5 1 21 20 9 6 21 12   6 12 15 23 5 18 19 36
37 1 12 12   20 8 5   1 14 9 13 1 12 19   1 14 4   2 9 18 4 19   12 9 22 5 4   20 8 5 18 5   8 1 16 16 9 12 25 36
37 1 14 4   20 8 5   11 9 14 7   23 1 19   1   12 9 15 14 36
.....................................................


37 23 5 19 1 11   19 5 1 19 15 14   3 1 13 5   20 15   20 8 5   10 21 14 7 12 5 36
41 37 23 8 1 20   1 18 5   23 5   7 15 9 14 7   20 15   4 15   20 8 9 19   20 9 13 5 31 42
1 19 11 5 4   12 9 15 14   20 8 5   11 9 14 7 36
41 37 23 5   23 9 12 12   8 1 22 5   1   37 23 5 19 1 11   12 1 14 20 5 18 14   3 15 13 16 5 20 9 20 9 15 14 42
5 22 5 18 25 2 15 4 25   19 8 15 21 20 5 4 36
.....................................................


41 37 1 12 12   18 9 7 8 20 36   37 20 8 5   15 14 5   23 8 15   13 1 11 5 19   20 8 5   2 9 7 7 5 19 20
1 14 4   20 8 5   13 15 19 20   4 21 18 1 2 12 5   12 1 14 20 5 18 14
20 8 1 20   4 15 5 19 14 28 20   2 18 5 1 11   5 22 5 14   9 14   20 8 5   18 1 9 14
23 9 12 12   2 5   20 8 5   23 9 14 14 5 18 42 34   19 1 9 4   20 8 5   12 9 15 14 36
.....................................................


37 5 22 5 18 25 2 15 4 25   18 21 19 8 5 4   20 15   13 1 11 5
20 8 5   23 9 14 14 9 14 7   12 1 14 20 5 18 14 36
37 20 8 5   2 1 2 25   18 1 2 2 9 20   20 15 15 34   20 8 15 21 7 8   19 13 1 12 12 34
23 1 14 20 5 4   20 15   13 1 11 5   1   12 1 14 20 5 18 14 36
.....................................................


37 2 1 2 25   18 1 2 2 9 20   23 5 14 20   20 15   5 12 5 16 8 1 14 20   1 14 4   1 19 11 5 4 34
41 37 3 15 21 12 4   25 15 21   16 12 5 1 19 5   7 9 22 5   13 5   19 15 13 5   20 9 19 19 21 5   16 1 16 5 18 19 31 42
37 5 12 5 16 8 1 14 20   12 15 15 11 5 4   1 20   20 8 5   2 1 2 25   18 1 2 2 9 20   1 14 4   19 1 9 4 34
41 37 14 15 34   14 15 36   37 9   1 13   7 15 9 14 7   20 15   13 1 11 5   13 25   12 1 14 20 5 18 14
1 19   2 9 7   1 19   13 25 19 5 12 6 36
37 19 15   37 9   14 5 5 4   1 12 12   20 8 5   20 9 19 19 21 5   16 1 16 5 18 19   37 9   8 1 22 5 42 36
37 19 1 4 12 25   12 5 6 20   20 8 5   2 1 2 25   18 1 2 2 9 20 36
.....................................................


37 20 8 5 14   2 1 2 25   18 1 2 2 9 20   23 5 14 20   20 15   7 9 18 1 6 6 5   1 14 4   1 19 11 5 4 34
41 37 3 15 21 12 4   25 15 21   16 12 5 1 19 5   7 9 22 5   13 5   19 15 13 5   2 1 13 2 15 15   19 20 9 3 11 19 31 42
37 7 9 18 1 6 6 5   12 15 15 11 5 4   1 20   20 8 5   2 1 2 25   18 1 2 2 9 20   1 14 4   19 1 9 4 34
41 37 14 15 34   14 15 36   37 9   1 13   7 15 9 14 7   20 15   13 1 11 5   13 25   12 1 14 20 5 18 14
1 19   20 1 12 12   1 19   13 25 19 5 12 6 36
37 19 15   37 9   14 5 5 4   1 12 12   20 8 5   2 1 13 2 15 15   19 20 9 3 11 19   37 9   8 1 22 5 42 36
37 19 1 4 12 25   12 5 6 20   20 8 5   2 1 2 25   18 1 2 2 9 20 36
.....................................................


37 20 8 5 14   2 1 2 25   18 1 2 2 9 20   23 5 14 20   20 15   19 14 1 11 5   1 14 4   1 19 11 5 4 34
41 37 3 15 21 12 4   25 15 21   16 12 5 1 19 5   7 9 22 5   13 5   19 15 13 5   19 20 18 9 14 7 31 42
37 19 14 1 11 5   12 15 15 11 5 4   1 20   20 8 5   2 1 2 25   18 1 2 2 9 20   1 14 4   19 1 9 4 34
41 37 14 15 34   14 15 36   37 9   1 13   7 15 9 14 7   20 15   13 1 11 5   13 25   12 1 14 20 5 18 14
1 19   12 15 14 7   1 19   13 25 19 5 12 6 36
37 19 15   37 9   14 5 5 4   1 12 12   20 8 5   19 20 18 9 14 7   37 9   8 1 22 5 42 36
37 19 1 4 12 25   12 5 6 20   20 8 5   2 1 2 25   18 1 2 2 9 20 36
.....................................................


37 14 5 24 20   2 1 2 25   18 1 2 2 9 20   23 5 14 20   20 15   4 5 5 18   1 14 4   1 19 11 5 4 34
41 37 3 15 21 12 4   25 15 21   16 12 5 1 19 5   7 9 22 5   13 5   19 15 13 5   7 12 21 5 31 42
37 4 5 5 18   12 15 15 11 5 4   1 20   20 8 5   2 1 2 25   18 1 2 2 9 20   1 14 4   19 1 9 4 34
41 37 14 15 34   14 15 36   37 9   1 13   7 15 9 14 7   20 15   13 1 11 5   13 25   12 1 14 20 5 18 14
1 19   4 15 20 20 5 4   1 19   13 25 19 5 12 6 36
37 19 15   37 9   14 5 5 4   1 12 12   20 8 5   7 12 21 5   37 9   8 1 22 5 42 36
37 19 1 4 12 25   12 5 6 20   20 8 5   2 1 2 25   18 1 2 2 9 20 36
.....................................................


37 2 1 2 25   18 1 2 2 9 20   6 5 12 20   19 15   12 15 14 5 12 25   1 14 4   8 5 12 16 12 5 19 19 36
37 8 5   19 1 20   21 14 4 5 18   1   2 21 19 8   1 14 4   19 20 1 18 20 5 4   20 15   3 18 25 36
37 12 9 7 8 20 2 21 7 34   23 8 15   23 1 19   19 12 5 5 16 9 14 7   21 14 4 5 18   1   12 5 1 6
8 5 1 18 4   20 8 5   3 18 25 9 14 7 36
.....................................................


41 37 23 8 25   1 18 5   25 15 21   3 18 25 9 14 7   2 1 2 25   18 1 2 2 9 20 31 42
1 19 11 5 4   12 9 7 8 20 2 21 7 36
41 37 14 15 2 15 4 25   8 5 12 16 19   13 5   20 15   13 1 11 5   1   37 23 5 19 1 11   12 1 14 20 5 18 14 42 34
3 18 9 5 4   2 1 2 25   18 1 2 2 9 20 36
41 37 4 15 14 28 20   23 15 18 18 25   13 25   6 18 9 5 14 4 34   37 9   23 9 12 12   8 5 12 16   25 15 21 42 34
19 1 25 9 14 7   20 8 9 19   12 9 7 8 20 2 21 7   6 12 5 23   1 23 1 25 36
.....................................................


37 19 15 15 14   9 20   23 1 19   20 8 5   37 23 5 19 1 11   14 9 7 8 20 36
37 20 8 5   10 21 14 7 12 5   23 1 19   2 18 9 7 8 20 12 25   12 9 20   23 9 20 8
3 15 12 15 21 18 6 21 12   37 23 5 19 1 11   12 1 14 20 5 18 14 19 36
.....................................................


37 5 12 5 16 8 1 14 20 28 19   12 1 14 20 5 18 14   23 1 19   1 19   2 9 7   1 19   20 8 5   5 12 5 16 8 1 14 20 36
37 7 9 18 1 6 6 5 28 19   12 1 14 20 5 18 14   20 15 21 3 8 5 4   20 8 5   20 18 5 5   20 15 16 19 36
37 4 5 5 18 28 19   12 1 14 20 5 18 14   8 1 19   4 15 20 19   1 12 12   15 22 5 18   9 20 36
37 8 5 4 7 5 8 15 7 28 19   12 1 14 20 5 18 14   23 1 19   6 21 12 12   15 6   19 16 9 11 5 19 36
37 3 18 15 3 15 4 9 12 5 28 19   12 1 14 20 5 18 14   23 1 19   23 9 4 5   15 16 5 14   1 19   8 9 19   13 15 21 20 8 36
37 1 12 12   20 8 5   12 1 14 20 5 18 14 19   23 5 18 5   22 5 18 25   2 5 1 21 20 9 6 21 12 36
.....................................................


37 19 21 4 4 5 14 12 25 34   9 20   19 20 1 18 20 5 4   20 15   18 1 9 14 36
37 5 22 5 18 25 2 15 4 25   18 1 14   8 5 18 5   1 14 4   20 8 5 18 5   20 15   6 9 14 4   19 8 5 12 20 5 18 36
37 1 12 12   20 8 5   12 1 14 20 5 18 14 19   7 15 20   19 15 1 11 5 4   9 14   20 8 5   18 1 9 14 36
37 19 15 15 14   20 8 5 9 18   12 9 7 8 20 19   23 5 14 20   15 21 20
12 5 1 22 9 14 7   20 8 5   23 8 15 12 5   10 21 14 7 12 5   9 14   4 1 18 11 14 5 19 19 36
37 14 15 20   1   19 9 14 7 12 5   12 1 14 20 5 18 14   23 1 19   19 1 22 5 4   9 14   20 8 5   18 1 9 14 36
.....................................................


37 1 12 12   15 6   1   19 21 4 4 5 14 34   15 14 5   2 9 7   12 1 14 20 5 18 14   19 20 1 18 20 5 4
20 15   2 12 9 14 11   9 20 19   12 9 7 8 20 19   15 14   1 14 4   15 6 6   9 14   20 8 5   4 1 18 11 14 5 19 19 36
37 9 20   1 12 13 15 19 20   12 15 15 11 5 4   1 19   9 6   1   16 9 5 3 5   15 6   20 8 5   19 20 1 18 18 25   19 11 25   8 1 4
6 1 12 12 5 14   4 15 23 14 36
41 37 23 8 15 19 5   12 1 14 20 5 18 14   9 19   20 8 1 20 31 42
37 5 22 5 18 25 2 15 4 25   23 1 14 20 5 4   20 15   11 14 15 23 36
41 37 9 20   9 19   13 25   12 1 14 20 5 18 14 42 34   12 9 20 20 12 5   2 1 2 25   18 1 2 2 9 20   18 5 16 12 9 5 4   16 18 15 21 4 12 25 36
.....................................................

37 16 1 7 5   52 56
41 37 23 5 12 12 34   23 5 12 12 36   37 12 15 15 11   1 20   20 8 1 20 32   37 9 20   9 19   20 8 5   2 9 7 7 5 19 20   12 1 14 20 5 18 14 36
37 9 20   8 1 19   14 15 20   2 18 15 11 5 14   5 22 5 14   9 14   20 8 5   18 1 9 14
1 14 4   9 20   9 19   19 20 9 12 12   12 9 7 8 20 5 4 36
37 8 15 23   4 9 4   25 15 21   13 1 11 5   9 20   2 1 2 25   18 1 2 2 9 20 31 42
20 8 5   11 9 14 7   23 1 14 20 5 4   20 15   11 14 15 23 36
41 37 13 25   6 18 9 5 14 4   12 9 7 8 20 2 21 7   8 5 12 16 5 4   13 5 36   37 8 5   8 1 19   1 19 11 5 4
20 8 15 21 19 1 14 4 19   15 6   8 9 19   12 9 7 8 20 2 21 7   6 18 9 5 14 4 19   20 15   3 15 13 5   1 14 4   19 9 20
15 14   20 8 5   2 9 7 7 5 19 20   20 18 5 5   9 14   20 8 5   10 21 14 7 12 5 34   23 9 20 8   20 8 5 9 18   12 9 7 8 20 19
19 23 9 20 3 8 9 14 7   15 14   1 14 4   15 6 6 42 34   19 1 9 4   20 8 5   2 1 2 25   18 1 2 2 9 20 36
41 37 1 14 4   15 21 18   12 9 7 8 20 19   4 15 14 28 20   7 5 20   20 21 18 14 5 4   15 6 6   5 22 5 14   9 14   20 8 5
18 1 9 14 42 34   5 24 16 12 1 9 14 5 4   20 8 5   12 9 7 8 20 2 21 7 19 36
.....................................................


37 8 15 23   22 5 18 25   20 8 15 21 7 8 20 6 21 12   32
37 23 5   13 21 19 20   8 5 12 16   5 1 3 8   15 20 8 5 18 34   23 8 5 14   23 5   12 9 22 5   20 15 7 5 20 8 5 18 36
37 21 14 9 20 25   9 19   20 8 5   19 20 18 5 14 7 20 8 36
37 20 8 5 18 5 6 15 18 5 34   2 1 2 25   18 1 2 2 9 20   1 14 4   8 9 19   12 9 7 8 20 2 21 7   6 18 9 5 14 4 19   1 18 5
20 8 5   23 9 14 14 5 18 19   15 6   20 8 9 19   3 15 13 16 5 20 9 20 9 15 14 42 34   4 5 3 12 1 18 5 4   20 8 5   11 9 14 7 36
37 5 22 5 18 25 2 15 4 25   1 7 18 5 5 4 34   1 14 4   3 8 5 5 18 5 4 36
37 9 20   23 1 19   1   8 1 16 16 25   37 23 5 19 1 11   6 15 18   5 22 5 18 25 15 14 5   9 14   20 8 5   10 21 14 7 12 5 36
.....................................................

37 5 14 4
